# depth(m) polarity(+1/-1)
60.0227 1
59.9761 1
60.0133 1
60.0146 1
60.0150 1
60.0298 1
60.0033 1
60.0205 1
60.0339 1
60.0338 1
60.0477 1
60.0486 1
60.0720 -1
60.0660 1
60.0660 1
60.0853 1
60.0353 1
60.1392 1
60.0831 1
60.0863 1
60.0883 1
60.1068 1
60.1146 1
60.0914 1
60.1178 1
60.1224 1
60.1412 1
60.1515 1
60.1793 1
60.1562 -1
60.1315 1
60.1684 1
60.1709 1
60.1570 1
60.1686 1
60.1866 1
60.1918 1
60.1857 1
60.1836 1
60.2387 1
60.2173 1
60.1672 1
60.2205 1
60.2209 1
60.2065 1
60.2162 1
60.2528 1
60.2342 1
60.2050 1
60.2125 1
60.2323 1
60.2449 1
60.2621 1
60.2589 -1
60.2354 1
60.2788 -1
60.3001 1
60.2823 1
60.3116 1
60.2959 1
60.3020 1
60.3006 1
60.2788 1
60.3081 1
60.3446 1
60.3364 1
60.3345 1
60.3289 1
60.3445 1
60.3552 1
60.3475 1
60.3496 1
60.3801 1
60.3392 1
60.3707 1
60.3414 1
60.3491 1
60.3745 1
60.3655 1
60.3901 1
60.4162 1
60.4242 1
60.4394 1
60.3896 1
60.4354 1
60.4395 1
60.4461 1
60.4466 1
60.4505 1
60.4112 1
60.4412 1
60.4479 1
60.4429 -1
60.4789 1
60.4615 1
60.4803 1
60.4816 1
60.4873 1
60.4893 1
60.4939 1
60.4953 -1
60.5002 1
60.5263 1
60.5565 1
60.5173 1
60.5285 1
60.5203 1
60.5650 1
60.5192 1
60.5423 1
60.5599 1
60.5535 1
60.5655 1
60.5927 1
60.5829 1
60.6158 1
60.5469 1
60.5966 1
60.5677 1
60.5781 1
60.5886 1
60.6374 1
60.6128 -1
60.5965 1
60.6151 1
60.6167 1
60.6499 1
60.6611 1
60.6387 1
60.6365 1
60.6211 1
60.6222 1
60.6520 1
60.6724 1
60.6768 1
60.6896 1
60.6948 1
60.6963 1
60.6997 1
60.7217 1
60.7149 1
60.6825 1
60.7113 1
60.6976 -1
60.6895 1
60.7267 1
60.7599 1
60.7404 1
60.7564 1
60.7685 1
60.7517 1
60.7213 1
60.7923 1
60.7524 1
60.7874 1
60.7539 1
60.7758 1
60.7877 -1
60.7911 -1
60.8119 -1
60.7917 1
60.7614 1
60.8248 1
60.8279 1
60.8344 1
60.8107 1
60.8251 1
60.8156 1
60.8439 1
60.8710 1
60.8679 1
60.8163 1
60.8507 1
60.8520 1
60.8593 1
60.8795 1
60.8979 1
60.8739 1
60.8687 1
60.9002 1
60.8910 1
60.9165 1
60.9676 1
60.9365 -1
60.9347 1
60.9327 1
60.8799 1
60.9375 1
60.9414 1
60.9468 1
60.9882 1
60.9357 1
60.9459 1
60.9449 1
60.9710 1
61.0130 1
60.9456 1
60.9681 1
61.0213 1
61.0329 1
61.0103 1
61.0448 1
61.0055 1
61.0094 1
61.0394 1
61.0367 1
60.9982 -1
61.0284 1
61.0242 1
61.0375 1
60.9925 1
61.0693 1
61.0798 1
61.0364 1
61.0942 1
61.0898 1
61.1145 1
61.0712 1
61.0923 -1
61.0791 1
61.1114 1
61.1191 1
61.1073 1
61.1469 1
61.0978 1
61.1315 1
61.1431 1
61.1222 1
61.1321 1
61.1266 1
61.1606 1
61.1049 1
61.1616 1
61.1788 1
61.1224 1
61.1839 1
61.1812 1
61.1947 1
61.1848 1
61.1902 -1
61.1699 1
61.2365 1
61.1833 1
61.2116 1
61.2354 -1
61.2067 -1
61.2403 -1
61.1733 1
61.2238 1
61.2686 1
61.2416 1
61.2631 1
61.2704 1
61.2746 1
61.2961 1
61.2703 1
61.2957 1
61.2900 1
61.3267 1
61.2982 1
61.2891 1
61.3109 1
61.3283 1
61.3237 1
61.3262 1
61.3066 1
61.3587 1
61.3746 1
61.3421 1
61.3460 1
61.3346 1
61.3380 1
61.4108 1
61.3752 1
61.3902 1
61.3545 -1
61.3464 1
61.3834 1
61.3934 1
61.3823 1
61.4164 1
61.4420 1
61.4057 1
61.4173 1
61.3971 1
61.4394 1
61.4065 1
61.4667 1
61.4377 1
61.4961 1
61.4505 1
61.4508 -1
61.4547 1
61.4667 1
61.4532 1
61.4934 1
61.4710 1
61.4858 1
61.5270 1
61.4789 1
61.5182 1
61.5483 1
61.5368 1
61.5352 1
61.5312 1
61.5126 1
61.5415 1
61.5321 1
61.5138 1
61.5495 1
61.5568 -1
61.5500 1
61.5544 1
61.5596 1
61.6019 1
61.5835 1
61.5754 1
61.5773 -1
61.6043 1
61.5778 1
61.6218 1
61.6114 1
61.6029 1
61.6129 1
61.6302 -1
61.5983 1
61.6485 1
61.6578 -1
61.6416 1
61.6556 1
61.6347 1
61.6394 1
61.6857 1
61.6835 1
61.6778 1
61.6881 1
61.7054 1
61.6823 1
61.7011 1
61.6566 1
61.7244 1
61.7307 1
61.6854 1
61.7406 1
61.7267 1
61.7544 1
61.7429 1
61.7352 1
61.7278 1
61.7168 1
61.7422 1
61.7667 1
61.7630 1
61.7340 1
61.7812 1
61.8000 1
61.8118 1
61.7851 1
61.7744 -1
61.7724 1
61.8087 1
61.8179 1
61.7826 1
61.8141 1
61.8237 -1
61.7812 1
61.8230 1
61.8038 1
61.8547 1
61.8150 1
61.8792 1
61.8537 1
61.8682 1
61.8364 1
61.8926 1
61.8930 1
61.8889 1
61.8915 1
61.8610 1
61.9078 1
61.8509 1
61.8762 1
61.9322 1
61.9016 1
61.9208 1
61.9128 -1
61.9066 1
61.9283 -1
61.9552 1
61.9442 1
61.9632 1
61.9557 1
61.9466 1
62.0054 1
61.9967 1
61.9623 1
62.0068 1
61.9799 1
61.9765 1
61.9655 1
61.9858 1
61.9841 1
62.0033 1
62.0197 1
62.0298 1
62.0026 1
62.0059 -1
62.0191 1
62.0493 1
62.0556 1
62.0246 1
62.0601 -1
62.0674 1
62.0711 1
62.0623 1
62.0622 1
62.0691 1
62.0613 1
62.0867 1
62.1141 1
62.1076 1
62.1293 -1
62.0906 1
62.1157 1
62.0865 1
62.1369 1
62.1210 1
62.1567 1
62.1891 1
62.1483 1
62.1736 1
62.2104 1
62.1594 1
62.1255 1
62.1816 1
62.1449 1
62.1713 1
62.1828 1
62.1938 1
62.2063 1
62.1946 1
62.1893 1
62.2166 1
62.2062 1
62.2129 1
62.2428 1
62.2426 1
62.2151 1
62.2507 -1
62.2271 1
62.2781 1
62.2683 1
62.2490 1
62.2675 1
62.2535 1
62.2766 1
62.2764 1
62.3018 1
62.2857 1
62.2987 1
62.2692 -1
62.3070 1
62.3145 1
62.3544 1
62.3113 1
62.3083 1
62.3229 1
62.3423 1
62.3309 1
62.3395 1
62.3420 1
62.3466 -1
62.3832 1
62.3331 1
62.3694 1
62.3888 1
62.3561 1
62.4125 1
62.3841 1
62.3826 1
62.3937 -1
62.4336 1
62.4040 1
62.4311 1
62.4197 1
62.4141 -1
62.4189 1
62.4160 1
62.4329 1
62.4245 1
62.4679 1
62.4374 1
62.4802 1
62.4730 1
62.4984 1
62.5120 1
62.5133 1
62.5123 1
62.5114 1
62.4621 1
62.4813 1
62.4886 1
62.5040 1
62.5140 1
62.5157 -1
62.5541 1
62.5601 1
62.4868 1
62.5036 -1
62.5439 1
62.5452 1
62.5443 1
62.5975 1
62.5870 1
62.5626 1
62.5959 -1
62.5967 1
62.5558 1
62.6046 1
62.5934 1
62.5617 1
62.6117 1
62.6169 1
62.6415 1
62.6162 1
62.6266 1
62.6321 1
62.6343 1
62.6342 1
62.6610 1
62.6211 1
62.6589 1
62.6265 1
62.6437 1
62.6703 1
62.6737 1
62.6615 1
62.6704 1
62.6964 1
62.7261 1
62.7181 1
62.7480 1
62.6690 1
62.7319 1
62.7269 1
62.7236 1
62.7442 1
62.7493 1
62.7433 1
62.7493 1
62.7214 1
62.7656 1
62.7560 -1
62.7227 1
62.7645 1
62.7845 1
62.7573 1
62.7727 1
62.8125 1
62.7987 1
62.8225 1
62.8028 1
62.8222 1
62.8634 1
62.8454 1
62.8199 1
62.8089 1
62.8168 1
62.8260 1
62.8222 1
62.8385 1
62.8971 1
62.8907 1
62.8526 1
62.8617 1
62.9156 1
62.8779 1
62.8620 1
62.8998 1
62.8979 1
62.8969 1
62.9005 1
62.9003 1
62.9131 1
62.9104 1
62.9200 1
62.9346 1
62.9127 1
62.9836 1
62.9541 1
62.9456 -1
62.9391 1
62.9527 1
62.9318 1
62.9329 1
62.9904 1
63.0105 1
63.0027 1
62.9729 1
63.0253 -1
