# depth(m) e(z) magnetization polarity
60.311728 0.412651 1.000000
60.319444 0.412651 1.000000
60.327160 0.442771 1.000000
60.334877 0.418675 1.000000
60.342593 0.418675 1.000000
60.350309 0.397590 1.000000
60.358025 0.397590 1.000000
60.365741 0.397590 1.000000
60.373457 0.364458 1.000000
60.381173 0.364458 1.000000
60.388889 0.331325 1.000000
60.396605 0.349398 1.000000
60.404321 0.349398 1.000000
60.412037 0.388554 1.000000
60.419753 0.388554 1.000000
60.427469 0.412651 1.000000
60.435185 0.427711 1.000000
60.442901 0.427711 1.000000
60.450617 0.433735 1.000000
60.458333 0.433735 1.000000
60.466049 0.424699 1.000000
60.473765 0.400602 1.000000
60.481481 0.400602 1.000000
60.489198 0.376506 1.000000
60.496914 0.373494 1.000000
60.504630 0.373494 1.000000
60.512346 0.397590 1.000000
60.520062 0.397590 1.000000
60.527778 0.424699 1.000000
60.535494 0.409639 1.000000
60.543210 0.409639 1.000000
60.550926 0.421687 1.000000
60.558642 0.421687 1.000000
60.566358 0.448795 1.000000
60.574074 0.448795 1.000000
60.581790 0.448795 1.000000
60.589506 0.448795 1.000000
60.597222 0.448795 1.000000
60.604938 0.448795 1.000000
60.612654 0.448795 1.000000
60.620370 0.448795 1.000000
60.628086 0.448795 1.000000
60.635802 0.457831 1.000000
60.643519 0.457831 1.000000
60.651235 0.469880 1.000000
60.658951 0.469880 1.000000
60.666667 0.472892 1.000000
60.674383 0.500000 1.000000
60.682099 0.500000 1.000000
60.689815 0.542169 1.000000
60.697531 0.542169 1.000000
60.705247 0.557229 1.000000
60.712963 0.521084 1.000000
60.720679 0.521084 1.000000
60.728395 0.484940 1.000000
60.736111 0.484940 1.000000
60.743827 0.484940 1.000000
60.751543 0.463855 1.000000
60.759259 0.463855 1.000000
60.766975 0.442771 1.000000
60.774691 0.439759 1.000000
60.782407 0.439759 1.000000
60.790123 0.394578 1.000000
60.797840 0.394578 1.000000
60.805556 0.352410 1.000000
60.813272 0.355422 1.000000
60.820988 0.355422 1.000000
60.828704 0.358434 1.000000
60.836420 0.358434 1.000000
60.844136 0.358434 1.000000
60.851852 0.343373 1.000000
60.859568 0.343373 1.000000
60.867284 0.328313 1.000000
60.875000 0.325301 1.000000
60.882716 0.325301 1.000000
60.890432 0.298193 1.000000
60.898148 0.298193 1.000000
60.905864 0.277108 1.000000
60.913580 0.289157 1.000000
60.921296 0.289157 1.000000
60.929012 0.316265 1.000000
60.936728 0.316265 1.000000
60.944444 0.328313 1.000000
60.952160 0.340361 1.000000
60.959877 0.340361 1.000000
60.967593 0.346386 1.000000
60.975309 0.346386 1.000000
60.983025 0.340361 1.000000
60.990741 0.340361 1.000000
60.998457 0.340361 1.000000
61.006173 0.340361 1.000000
61.013889 0.358434 1.000000
61.021605 0.358434 1.000000
61.029321 0.352410 1.000000
61.037037 0.352410 1.000000
61.044753 0.328313 1.000000
61.052469 0.334337 1.000000
61.060185 0.334337 1.000000
61.067901 0.346386 1.000000
61.075617 0.346386 1.000000
61.083333 0.352410 1.000000
61.091049 0.379518 1.000000
61.098765 0.379518 1.000000
61.106481 0.397590 1.000000
61.114198 0.397590 1.000000
61.121914 0.397590 1.000000
61.129630 0.409639 1.000000
61.137346 0.409639 1.000000
61.145062 0.430723 1.000000
61.152778 0.439759 1.000000
61.160494 0.439759 1.000000
61.168210 0.436747 1.000000
61.175926 0.436747 1.000000
61.183642 0.424699 1.000000
61.191358 0.436747 1.000000
61.199074 0.436747 1.000000
61.206790 0.493976 1.000000
61.214506 0.493976 1.000000
61.222222 0.539157 1.000000
61.229938 0.481928 1.000000
61.237654 0.481928 1.000000
61.245370 0.433735 1.000000
61.253086 0.433735 1.000000
61.260802 0.433735 1.000000
61.268519 0.436747 1.000000
61.276235 0.436747 1.000000
61.283951 0.433735 1.000000
61.291667 0.445783 1.000000
61.299383 0.445783 1.000000
61.307099 0.460843 1.000000
61.314815 0.460843 1.000000
61.322531 0.460843 1.000000
61.330247 0.463855 1.000000
61.337963 0.463855 1.000000
61.345679 0.460843 1.000000
61.353395 0.460843 1.000000
61.361111 0.460843 1.000000
61.368827 0.475904 1.000000
61.376543 0.475904 1.000000
61.384259 0.487952 1.000000
61.391975 0.487952 1.000000
61.399691 0.484940 1.000000
61.407407 0.466867 1.000000
61.415123 0.466867 1.000000
61.422840 0.457831 1.000000
61.430556 0.475904 1.000000
61.438272 0.475904 1.000000
61.445988 0.487952 1.000000
61.453704 0.487952 1.000000
61.461420 0.478916 1.000000
61.469136 0.478916 1.000000
61.476852 0.478916 1.000000
61.484568 0.454819 1.000000
61.492284 0.454819 1.000000
61.500000 0.430723 -1.000000
61.507716 0.466867 1.000000
61.515432 0.466867 1.000000
61.523148 0.503012 1.000000
61.530864 0.493976 1.000000
61.538580 0.493976 1.000000
61.546296 0.457831 -1.000000
61.554012 0.457831 -1.000000
61.561728 0.430723 -1.000000
61.569444 0.430723 -1.000000
61.577160 0.430723 -1.000000
61.584877 0.472892 -1.000000
61.592593 0.472892 -1.000000
61.600309 0.515060 1.000000
61.608025 0.518072 1.000000
61.615741 0.518072 1.000000
61.623457 0.524096 1.000000
61.631173 0.524096 1.000000
61.638889 0.524096 1.000000
61.646605 0.518072 1.000000
61.654321 0.518072 1.000000
61.662037 0.509036 -1.000000
61.669753 0.521084 1.000000
61.677469 0.521084 1.000000
61.685185 0.530120 1.000000
61.692901 0.530120 1.000000
61.700617 0.527108 1.000000
61.708333 0.527108 -1.000000
61.716049 0.527108 -1.000000
61.723765 0.527108 -1.000000
61.731481 0.527108 -1.000000
61.739198 0.527108 -1.000000
61.746914 0.527108 -1.000000
61.754630 0.527108 -1.000000
61.762346 0.530120 -1.000000
61.770062 0.530120 -1.000000
61.777778 0.530120 -1.000000
61.785494 0.533133 -1.000000
61.793210 0.533133 -1.000000
61.800926 0.533133 -1.000000
61.808642 0.533133 -1.000000
61.816358 0.533133 -1.000000
61.824074 0.542169 -1.000000
61.831790 0.542169 -1.000000
61.839506 0.551205 -1.000000
61.847222 0.584337 1.000000
61.854938 0.584337 1.000000
61.862654 0.590361 1.000000
61.870370 0.590361 1.000000
61.878086 0.590361 -1.000000
61.885802 0.548193 -1.000000
61.893519 0.548193 -1.000000
61.901235 0.521084 -1.000000
61.908951 0.521084 -1.000000
61.916667 0.521084 -1.000000
61.924383 0.527108 -1.000000
61.932099 0.527108 -1.000000
61.939815 0.545181 -1.000000
61.947531 0.545181 -1.000000
61.955247 0.545181 -1.000000
61.962963 0.542169 -1.000000
61.970679 0.542169 -1.000000
61.978395 0.539157 -1.000000
61.986111 0.548193 -1.000000
61.993827 0.548193 -1.000000
62.001543 0.557229 -1.000000
62.009259 0.563253 -1.000000
62.016975 0.563253 -1.000000
62.024691 0.572289 -1.000000
62.032407 0.572289 -1.000000
62.040123 0.575301 -1.000000
62.047840 0.575301 -1.000000
62.055556 0.575301 -1.000000
62.063272 0.578313 -1.000000
62.070988 0.578313 -1.000000
62.078704 0.581325 -1.000000
62.086420 0.575301 -1.000000
62.094136 0.575301 -1.000000
62.101852 0.575301 -1.000000
62.109568 0.575301 -1.000000
62.117284 0.575301 -1.000000
62.125000 0.578313 -1.000000
62.132716 0.578313 -1.000000
62.140432 0.578313 -1.000000
62.148148 0.578313 -1.000000
62.155864 0.578313 -1.000000
62.163580 0.581325 -1.000000
62.171296 0.581325 -1.000000
62.179012 0.584337 -1.000000
62.186728 0.581325 -1.000000
62.194444 0.581325 -1.000000
62.202160 0.575301 -1.000000
62.209877 0.575301 -1.000000
62.217593 0.575301 -1.000000
62.225309 0.575301 -1.000000
62.233025 0.575301 -1.000000
62.240741 0.575301 -1.000000
62.248457 0.575301 -1.000000
62.256173 0.575301 -1.000000
62.263889 0.575301 -1.000000
62.271605 0.575301 -1.000000
62.279321 0.575301 -1.000000
62.287037 0.578313 -1.000000
62.294753 0.578313 -1.000000
62.302469 0.587349 -1.000000
62.310185 0.587349 -1.000000
62.317901 0.593373 -1.000000
62.325617 0.590361 -1.000000
62.333333 0.590361 -1.000000
62.341049 0.602410 -1.000000
62.348765 0.602410 -1.000000
62.356481 0.614458 -1.000000
62.364198 0.620482 -1.000000
62.371914 0.620482 -1.000000
62.379630 0.629518 -1.000000
62.387346 0.605422 -1.000000
62.395062 0.605422 -1.000000
62.402778 0.599398 -1.000000
62.410494 0.599398 -1.000000
62.418210 0.614458 -1.000000
62.425926 0.605422 -1.000000
62.433642 0.605422 -1.000000
62.441358 0.593373 -1.000000
62.449074 0.593373 -1.000000
62.456790 0.593373 -1.000000
62.464506 0.605422 -1.000000
62.472222 0.605422 -1.000000
62.479938 0.617470 -1.000000
62.487654 0.617470 -1.000000
62.495370 0.623494 -1.000000
62.503086 0.617470 -1.000000
62.510802 0.617470 -1.000000
62.518519 0.611446 -1.000000
62.526235 0.608434 -1.000000
62.533951 0.608434 -1.000000
62.541667 0.608434 -1.000000
62.549383 0.608434 -1.000000
62.557099 0.608434 -1.000000
62.564815 0.608434 -1.000000
62.572531 0.608434 -1.000000
62.580247 0.605422 -1.000000
62.587963 0.605422 -1.000000
62.595679 0.605422 -1.000000
62.603395 0.617470 -1.000000
62.611111 0.617470 -1.000000
62.618827 0.623494 -1.000000
62.626543 0.623494 -1.000000
62.634259 0.617470 -1.000000
62.641975 0.614458 -1.000000
62.649691 0.614458 -1.000000
62.657407 0.611446 -1.000000
62.665123 0.611446 -1.000000
62.672840 0.611446 -1.000000
62.680556 0.614458 -1.000000
62.688272 0.614458 -1.000000
62.695988 0.617470 -1.000000
62.703704 0.614458 -1.000000
62.711420 0.614458 -1.000000
62.719136 0.617470 -1.000000
62.726852 0.617470 -1.000000
62.734568 0.617470 -1.000000
62.742284 0.617470 -1.000000
62.750000 0.617470 -1.000000
62.757716 0.620482 -1.000000
62.765432 0.620482 -1.000000
62.773148 0.620482 -1.000000
62.780864 0.629518 -1.000000
62.788580 0.629518 -1.000000
62.796296 0.629518 -1.000000
62.804012 0.632530 -1.000000
62.811728 0.632530 -1.000000
62.819444 0.635542 -1.000000
62.827160 0.635542 -1.000000
62.834877 0.635542 -1.000000
62.842593 0.644578 -1.000000
62.850309 0.644578 -1.000000
62.858025 0.656627 -1.000000
62.865741 0.656627 -1.000000
62.873457 0.656627 -1.000000
62.881173 0.650602 -1.000000
62.888889 0.650602 -1.000000
62.896605 0.635542 -1.000000
62.904321 0.635542 -1.000000
62.912037 0.635542 -1.000000
62.919753 0.632530 -1.000000
62.927469 0.632530 -1.000000
62.935185 0.629518 -1.000000
62.942901 0.638554 -1.000000
62.950617 0.638554 -1.000000
62.958333 0.656627 -1.000000
62.966049 0.656627 -1.000000
62.973765 0.665663 -1.000000
62.981481 0.647590 -1.000000
62.989198 0.647590 -1.000000
62.996914 0.638554 -1.000000
63.004630 0.638554 -1.000000
63.012346 0.647590 -1.000000
63.020062 0.635542 -1.000000
63.027778 0.635542 -1.000000
63.035494 0.623494 -1.000000
63.043210 0.632530 -1.000000
63.050926 0.632530 -1.000000
63.058642 0.641566 -1.000000
63.066358 0.641566 -1.000000
63.074074 0.641566 -1.000000
63.081790 0.638554 -1.000000
63.089506 0.638554 -1.000000
63.097222 0.638554 -1.000000
63.104938 0.638554 -1.000000
63.112654 0.641566 -1.000000
63.120370 0.638554 -1.000000
63.128086 0.638554 -1.000000
63.135802 0.635542 -1.000000
63.143519 0.635542 -1.000000
63.151235 0.635542 -1.000000
63.158951 0.635542 -1.000000
63.166667 0.635542 -1.000000
63.174383 0.635542 -1.000000
63.182099 0.635542 -1.000000
63.189815 0.635542 -1.000000
63.197531 0.635542 -1.000000
63.205247 0.635542 -1.000000
63.212963 0.635542 -1.000000
63.220679 0.641566 -1.000000
63.228395 0.641566 -1.000000
63.236111 0.647590 -1.000000
63.243827 0.647590 -1.000000
63.251543 0.647590 -1.000000
63.259259 0.647590 -1.000000
63.266975 0.647590 -1.000000
63.274691 0.647590 -1.000000
63.282407 0.647590 -1.000000
63.290123 0.647590 -1.000000
63.297840 0.644578 -1.000000
63.305556 0.644578 -1.000000
63.313272 0.641566 -1.000000
63.320988 0.641566 -1.000000
63.328704 0.641566 -1.000000
63.336420 0.647590 -1.000000
63.344136 0.647590 -1.000000
63.351852 0.650602 -1.000000
63.359568 0.656627 -1.000000
63.367284 0.656627 -1.000000
63.375000 0.650602 -1.000000
63.382716 0.650602 -1.000000
63.390432 0.650602 -1.000000
63.398148 0.638554 -1.000000
63.405864 0.638554 -1.000000
63.413580 0.641566 -1.000000
63.421296 0.641566 -1.000000
